dataset:  yelp
number of nodes:  131072
  (0, 0)	4
  (1, 1)	4
  (2, 2)	4
  (2, 11681)	4
  (2, 59800)	4
  (3, 3)	4
  (4, 4)	4
  (5, 5)	4
  (6, 6)	4
  (6, 22082)	4
  (6, 65285)	4
  (7, 7)	4
  (7, 32070)	4
  (7, 68004)	4
  (8, 8)	4
  (8, 10861)	4
  (8, 12908)	4
  (8, 14089)	4
  (8, 15452)	4
  (8, 21660)	4
  (8, 22103)	4
  (8, 24226)	4
  (8, 34244)	4
  (8, 38308)	4
  (8, 45695)	4
  :	:
  (71670, 71670)	4
  (71671, 34311)	4
  (71671, 71671)	4
  (71672, 71672)	4
  (71673, 71673)	4
  (71674, 71674)	4
  (71675, 71675)	4
  (71676, 22666)	4
  (71676, 71676)	4
  (71677, 44698)	4
  (71677, 71677)	4
  (71678, 40388)	4
  (71678, 71678)	4
  (71679, 220)	4
  (71679, 22632)	4
  (71679, 63142)	4
  (71679, 71679)	4
  (71680, 15391)	4
  (71680, 71680)	4
  (71681, 71681)	4
  (71682, 37310)	4
  (71682, 71682)	4
  (71683, 25207)	4
  (71683, 71683)	4
  (71684, 71684)	4
adj_test.shape: (71685, 71685)
