dataset:  yelp
number of nodes:  2048
  (0, 0)	4
  (1, 1)	4
  (2, 2)	4
  (3, 3)	4
  (4, 4)	4
  (5, 5)	4
  (6, 6)	4
  (7, 7)	4
  (8, 8)	4
  (9, 9)	4
  (10, 10)	4
  (11, 11)	4
  (12, 12)	4
  (13, 13)	4
  (14, 14)	4
  (15, 15)	4
  (16, 16)	4
  (17, 17)	4
  (18, 18)	4
  (18, 910)	4
  (19, 19)	4
  (20, 20)	4
  (21, 21)	4
  (22, 22)	4
  (23, 23)	4
  :	:
  (2023, 2023)	4
  (2024, 2024)	4
  (2025, 2025)	4
  (2026, 2026)	4
  (2027, 2027)	4
  (2028, 2028)	4
  (2029, 2029)	4
  (2030, 2030)	4
  (2031, 2031)	4
  (2032, 2032)	4
  (2033, 2033)	4
  (2034, 2034)	4
  (2035, 2035)	4
  (2036, 2036)	4
  (2037, 2037)	4
  (2038, 2038)	4
  (2039, 2039)	4
  (2040, 2040)	4
  (2041, 2041)	4
  (2042, 2042)	4
  (2043, 2043)	4
  (2044, 2044)	4
  (2045, 2045)	4
  (2046, 2046)	4
  (2047, 2047)	4
adj_test.shape: (2048, 2048)
Total Time:  0.0002269744873046875
