dataset:  yelp
number of nodes:  262144
  (0, 0)	4
  (0, 92811)	4
  (0, 95991)	4
  (0, 104131)	4
  (0, 105134)	4
  (0, 127935)	4
  (0, 130098)	4
  (0, 208338)	4
  (0, 217701)	4
  (0, 219414)	4
  (0, 231792)	4
  (0, 258403)	4
  (1, 1)	4
  (1, 187788)	4
  (1, 256236)	4
  (2, 2)	4
  (2, 11681)	4
  (2, 59800)	4
  (2, 155279)	4
  (2, 214704)	4
  (2, 221925)	4
  (2, 224925)	4
  (3, 3)	4
  (3, 184777)	4
  (4, 4)	4
  :	:
  (262128, 262128)	4
  (262129, 222872)	4
  (262129, 262129)	4
  (262130, 104229)	4
  (262130, 262130)	4
  (262131, 262131)	4
  (262132, 262132)	4
  (262133, 48994)	4
  (262133, 262133)	4
  (262134, 262134)	4
  (262135, 256833)	4
  (262135, 262135)	4
  (262136, 262136)	4
  (262137, 32800)	4
  (262137, 262137)	4
  (262138, 24335)	4
  (262138, 262138)	4
  (262139, 262139)	4
  (262140, 60237)	4
  (262140, 262140)	4
  (262141, 67637)	4
  (262141, 262141)	4
  (262142, 262142)	4
  (262143, 188952)	4
  (262143, 262143)	4
adj_test.shape: (262144, 262144)
Total Time:  0.056264638900756836
