dataset:  yelp
number of nodes:  32768
  (0, 0)	4
  (1, 1)	4
  (2, 2)	4
  (2, 11681)	4
  (3, 3)	4
  (4, 4)	4
  (5, 5)	4
  (6, 6)	4
  (6, 22082)	4
  (7, 7)	4
  (7, 32070)	4
  (8, 8)	4
  (8, 10861)	4
  (8, 12908)	4
  (8, 14089)	4
  (8, 15452)	4
  (8, 21660)	4
  (8, 22103)	4
  (8, 24226)	4
  (9, 9)	4
  (10, 10)	4
  (11, 11)	4
  (11, 31035)	4
  (12, 12)	4
  (12, 26925)	4
  :	:
  (32745, 32745)	4
  (32746, 237)	4
  (32746, 32746)	4
  (32747, 32747)	4
  (32748, 32748)	4
  (32749, 32749)	4
  (32750, 32750)	4
  (32751, 26292)	4
  (32751, 32751)	4
  (32752, 32752)	4
  (32753, 32753)	4
  (32754, 32754)	4
  (32755, 32755)	4
  (32756, 32756)	4
  (32757, 32757)	4
  (32758, 32758)	4
  (32759, 32759)	4
  (32760, 32760)	4
  (32761, 32761)	4
  (32762, 32762)	4
  (32763, 32763)	4
  (32764, 32764)	4
  (32765, 32765)	4
  (32766, 32766)	4
  (32767, 32767)	4
adj_test.shape: (32768, 32768)
Total Time:  0.0016286373138427734
