dataset:  yelp
number of nodes:  16384
  (0, 0)	4
  (1, 1)	4
  (2, 2)	4
  (2, 11681)	4
  (3, 3)	4
  (4, 4)	4
  (5, 5)	4
  (6, 6)	4
  (7, 7)	4
  (8, 8)	4
  (8, 10861)	4
  (8, 12908)	4
  (8, 14089)	4
  (8, 15452)	4
  (9, 9)	4
  (10, 10)	4
  (11, 11)	4
  (12, 12)	4
  (13, 13)	4
  (14, 14)	4
  (15, 15)	4
  (16, 16)	4
  (17, 17)	4
  (17, 5743)	4
  (18, 18)	4
  :	:
  (16361, 16361)	4
  (16362, 2414)	4
  (16362, 16362)	4
  (16363, 16363)	4
  (16364, 16364)	4
  (16365, 16365)	4
  (16366, 16366)	4
  (16367, 16367)	4
  (16368, 16368)	4
  (16369, 16369)	4
  (16370, 16370)	4
  (16371, 16371)	4
  (16372, 16372)	4
  (16373, 16373)	4
  (16374, 9464)	4
  (16374, 16374)	4
  (16375, 16375)	4
  (16376, 16376)	4
  (16377, 16377)	4
  (16378, 16378)	4
  (16379, 16379)	4
  (16380, 16380)	4
  (16381, 16381)	4
  (16382, 16382)	4
  (16383, 16383)	4
adj_test.shape: (16384, 16384)
Total Time:  0.0007605552673339844
