dataset:  yelp
number of nodes:  64
  (0, 0)	4
  (1, 1)	4
  (2, 2)	4
  (3, 3)	4
  (4, 4)	4
  (5, 5)	4
  (6, 6)	4
  (7, 7)	4
  (8, 8)	4
  (9, 9)	4
  (10, 10)	4
  (11, 11)	4
  (12, 12)	4
  (13, 13)	4
  (14, 14)	4
  (15, 15)	4
  (16, 16)	4
  (17, 17)	4
  (18, 18)	4
  (19, 19)	4
  (20, 20)	4
  (21, 21)	4
  (22, 22)	4
  (23, 23)	4
  (24, 24)	4
  :	:
  (39, 39)	4
  (40, 40)	4
  (41, 41)	4
  (42, 42)	4
  (43, 43)	4
  (44, 44)	4
  (45, 45)	4
  (46, 46)	4
  (47, 47)	4
  (48, 48)	4
  (49, 49)	4
  (50, 50)	4
  (51, 51)	4
  (52, 52)	4
  (53, 53)	4
  (54, 54)	4
  (55, 55)	4
  (56, 56)	4
  (57, 57)	4
  (58, 58)	4
  (59, 59)	4
  (60, 60)	4
  (61, 61)	4
  (62, 62)	4
  (63, 63)	4
adj_test.shape: (64, 64)
Total Time:  0.00016951560974121094
