dataset:  yelp
number of nodes:  256
  (0, 0)	4
  (1, 1)	4
  (2, 2)	4
  (3, 3)	4
  (4, 4)	4
  (5, 5)	4
  (6, 6)	4
  (7, 7)	4
  (8, 8)	4
  (9, 9)	4
  (10, 10)	4
  (11, 11)	4
  (12, 12)	4
  (13, 13)	4
  (14, 14)	4
  (15, 15)	4
  (16, 16)	4
  (17, 17)	4
  (18, 18)	4
  (19, 19)	4
  (20, 20)	4
  (21, 21)	4
  (22, 22)	4
  (23, 23)	4
  (24, 24)	4
  :	:
  (231, 231)	4
  (232, 232)	4
  (233, 233)	4
  (234, 234)	4
  (235, 235)	4
  (236, 236)	4
  (237, 237)	4
  (238, 238)	4
  (239, 239)	4
  (240, 240)	4
  (241, 241)	4
  (242, 242)	4
  (243, 243)	4
  (244, 244)	4
  (245, 245)	4
  (246, 246)	4
  (247, 247)	4
  (248, 248)	4
  (249, 249)	4
  (250, 250)	4
  (251, 251)	4
  (252, 252)	4
  (253, 253)	4
  (254, 254)	4
  (255, 255)	4
adj_test.shape: (256, 256)
Total Time:  0.00018405914306640625
