dataset:  yelp
number of nodes:  8192
  (0, 0)	4
  (1, 1)	4
  (2, 2)	4
  (3, 3)	4
  (4, 4)	4
  (5, 5)	4
  (6, 6)	4
  (7, 7)	4
  (8, 8)	4
  (9, 9)	4
  (10, 10)	4
  (11, 11)	4
  (12, 12)	4
  (13, 13)	4
  (14, 14)	4
  (15, 15)	4
  (16, 16)	4
  (17, 17)	4
  (17, 5743)	4
  (18, 18)	4
  (18, 910)	4
  (19, 19)	4
  (20, 20)	4
  (21, 21)	4
  (22, 22)	4
  :	:
  (8168, 8168)	4
  (8169, 8169)	4
  (8170, 3296)	4
  (8170, 8170)	4
  (8171, 8171)	4
  (8172, 8172)	4
  (8173, 8173)	4
  (8174, 8174)	4
  (8175, 8175)	4
  (8176, 8176)	4
  (8177, 8177)	4
  (8178, 8178)	4
  (8179, 8179)	4
  (8180, 8180)	4
  (8181, 8181)	4
  (8182, 8182)	4
  (8183, 8183)	4
  (8184, 8184)	4
  (8185, 8185)	4
  (8186, 8186)	4
  (8187, 8187)	4
  (8188, 8188)	4
  (8189, 8189)	4
  (8190, 8190)	4
  (8191, 8191)	4
adj_test.shape: (8192, 8192)
Total Time:  0.00043010711669921875
