dataset:  yelp
number of nodes:  512
  (0, 0)	4
  (1, 1)	4
  (2, 2)	4
  (3, 3)	4
  (4, 4)	4
  (5, 5)	4
  (6, 6)	4
  (7, 7)	4
  (8, 8)	4
  (9, 9)	4
  (10, 10)	4
  (11, 11)	4
  (12, 12)	4
  (13, 13)	4
  (14, 14)	4
  (15, 15)	4
  (16, 16)	4
  (17, 17)	4
  (18, 18)	4
  (19, 19)	4
  (20, 20)	4
  (21, 21)	4
  (22, 22)	4
  (23, 23)	4
  (24, 24)	4
  :	:
  (487, 487)	4
  (488, 488)	4
  (489, 489)	4
  (490, 490)	4
  (491, 491)	4
  (492, 492)	4
  (493, 493)	4
  (494, 494)	4
  (495, 495)	4
  (496, 496)	4
  (497, 497)	4
  (498, 498)	4
  (499, 499)	4
  (500, 500)	4
  (501, 501)	4
  (502, 502)	4
  (503, 503)	4
  (504, 504)	4
  (505, 505)	4
  (506, 506)	4
  (507, 507)	4
  (508, 508)	4
  (509, 509)	4
  (510, 510)	4
  (511, 511)	4
adj_test.shape: (512, 512)
Total Time:  0.00018739700317382812
