dataset:  yelp
number of nodes:  4096
  (0, 0)	4
  (1, 1)	4
  (2, 2)	4
  (3, 3)	4
  (4, 4)	4
  (5, 5)	4
  (6, 6)	4
  (7, 7)	4
  (8, 8)	4
  (9, 9)	4
  (10, 10)	4
  (11, 11)	4
  (12, 12)	4
  (13, 13)	4
  (14, 14)	4
  (15, 15)	4
  (16, 16)	4
  (17, 17)	4
  (18, 18)	4
  (18, 910)	4
  (19, 19)	4
  (20, 20)	4
  (21, 21)	4
  (22, 22)	4
  (23, 23)	4
  :	:
  (4072, 4072)	4
  (4073, 4073)	4
  (4074, 4074)	4
  (4075, 4075)	4
  (4076, 4076)	4
  (4077, 4077)	4
  (4078, 4078)	4
  (4079, 4079)	4
  (4080, 4080)	4
  (4081, 4081)	4
  (4082, 2394)	4
  (4082, 4082)	4
  (4083, 4083)	4
  (4084, 4084)	4
  (4085, 4085)	4
  (4086, 4086)	4
  (4087, 4087)	4
  (4088, 4088)	4
  (4089, 4089)	4
  (4090, 4090)	4
  (4091, 4091)	4
  (4092, 4092)	4
  (4093, 4093)	4
  (4094, 4094)	4
  (4095, 4095)	4
adj_test.shape: (4096, 4096)
Total Time:  0.0003077983856201172
