dataset:  yelp
number of nodes:  65536
  (0, 0)	4
  (1, 1)	4
  (2, 2)	4
  (2, 11681)	4
  (2, 59800)	4
  (3, 3)	4
  (4, 4)	4
  (5, 5)	4
  (6, 6)	4
  (6, 22082)	4
  (6, 65285)	4
  (7, 7)	4
  (7, 32070)	4
  (8, 8)	4
  (8, 10861)	4
  (8, 12908)	4
  (8, 14089)	4
  (8, 15452)	4
  (8, 21660)	4
  (8, 22103)	4
  (8, 24226)	4
  (8, 34244)	4
  (8, 38308)	4
  (8, 45695)	4
  (8, 54917)	4
  :	:
  (65519, 65519)	4
  (65520, 65520)	4
  (65521, 55576)	4
  (65521, 63465)	4
  (65521, 65521)	4
  (65522, 65522)	4
  (65523, 65523)	4
  (65524, 3972)	4
  (65524, 65524)	4
  (65525, 17117)	4
  (65525, 23109)	4
  (65525, 52592)	4
  (65525, 65525)	4
  (65526, 65526)	4
  (65527, 65527)	4
  (65528, 65528)	4
  (65529, 65529)	4
  (65530, 65530)	4
  (65531, 65531)	4
  (65532, 65532)	4
  (65533, 10042)	4
  (65533, 65533)	4
  (65534, 65534)	4
  (65535, 58916)	4
  (65535, 65535)	4
adj_test.shape: (65536, 65536)
Total Time:  0.00544285774230957
