dataset:  yelp
number of nodes:  716845
  (0, 0)	4
  (0, 92811)	4
  (0, 95991)	4
  (0, 104131)	4
  (0, 105134)	4
  (0, 127935)	4
  (0, 130098)	4
  (0, 208338)	4
  (0, 217701)	4
  (0, 219414)	4
  (0, 231792)	4
  (0, 258403)	4
  (0, 264100)	4
  (0, 264237)	4
  (0, 273677)	4
  (0, 287117)	4
  (0, 302098)	4
  (0, 331392)	4
  (0, 380174)	4
  (0, 384136)	4
  (0, 415777)	4
  (0, 415847)	4
  (0, 436600)	4
  (0, 440930)	4
  (0, 453866)	4
  :	:
  (716833, 350831)	4
  (716833, 716833)	4
  (716834, 700769)	4
  (716834, 716834)	4
  (716835, 281077)	4
  (716835, 716835)	4
  (716836, 636551)	4
  (716836, 716836)	4
  (716837, 648237)	4
  (716837, 716837)	4
  (716838, 299028)	4
  (716838, 716838)	4
  (716839, 613527)	4
  (716839, 716839)	4
  (716840, 271582)	4
  (716840, 716840)	4
  (716841, 531244)	4
  (716841, 716841)	4
  (716842, 208232)	4
  (716842, 716842)	4
  (716843, 201313)	4
  (716843, 331194)	4
  (716843, 716843)	4
  (716844, 687242)	4
  (716844, 716844)	4
adj_test.shape: (716845, 716845)
Total Time:  0.6215558052062988
