number_of_nodes:  8192
  (0, 664)	1.0
  (0, 2081)	1.0
  (0, 2163)	1.0
  (0, 3360)	1.0
  (0, 3365)	1.0
  (0, 3760)	1.0
  (0, 4629)	1.0
  (0, 4842)	1.0
  (0, 5340)	1.0
  (0, 5628)	1.0
  (0, 6167)	1.0
  (0, 6694)	1.0
  (0, 7320)	1.0
  (0, 7316)	1.0
  (1, 1038)	1.0
  (2, 501)	1.0
  (2, 1799)	1.0
  (2, 2819)	1.0
  (2, 6518)	1.0
  (3, 2294)	1.0
  (4, 5523)	1.0
  (5, 1857)	1.0
  (5, 2258)	1.0
  (5, 2303)	1.0
  (5, 4193)	1.0
  :	:
  (8188, 3460)	1.0
  (8188, 4170)	1.0
  (8188, 7063)	1.0
  (8189, 4620)	1.0
  (8190, 1884)	1.0
  (8190, 3020)	1.0
  (8190, 5410)	1.0
  (8190, 7237)	1.0
  (8191, 156)	1.0
  (8191, 490)	1.0
  (8191, 2529)	1.0
  (8191, 2974)	1.0
  (8191, 3936)	1.0
  (8191, 4466)	1.0
  (8191, 5571)	1.0
  (8191, 6202)	1.0
  (8191, 6354)	1.0
  (8191, 6753)	1.0
  (8191, 7061)	1.0
  (8191, 7128)	1.0
  (8191, 7331)	1.0
  (8191, 7826)	1.0
  (8191, 8140)	1.0
  (8191, 4881)	1.0
  (8191, 7876)	1.0
adj_test.shape: (8192, 8192)
Total Time:  0.009668588638305664
