number_of_nodes:  16384
  (0, 249)	1.0
  (0, 969)	1.0
  (0, 1408)	1.0
  (0, 1838)	1.0
  (0, 2794)	1.0
  (0, 4071)	1.0
  (0, 4595)	1.0
  (0, 4895)	1.0
  (0, 5754)	1.0
  (0, 6168)	1.0
  (0, 7991)	1.0
  (0, 8045)	1.0
  (0, 8700)	1.0
  (0, 9009)	1.0
  (0, 9938)	1.0
  (0, 12663)	1.0
  (0, 12895)	1.0
  (0, 13529)	1.0
  (0, 13685)	1.0
  (0, 13850)	1.0
  (0, 13864)	1.0
  (0, 14119)	1.0
  (0, 14584)	1.0
  (0, 14747)	1.0
  (0, 15184)	1.0
  :	:
  (16379, 6148)	1.0
  (16379, 7939)	1.0
  (16379, 15884)	1.0
  (16380, 4281)	1.0
  (16380, 11667)	1.0
  (16380, 12907)	1.0
  (16380, 15038)	1.0
  (16381, 1718)	1.0
  (16381, 4409)	1.0
  (16381, 6501)	1.0
  (16381, 6582)	1.0
  (16381, 10739)	1.0
  (16382, 514)	1.0
  (16382, 3491)	1.0
  (16382, 3500)	1.0
  (16382, 4560)	1.0
  (16382, 4606)	1.0
  (16382, 5944)	1.0
  (16382, 8088)	1.0
  (16382, 10012)	1.0
  (16382, 14185)	1.0
  (16382, 14557)	1.0
  (16382, 15766)	1.0
  (16383, 9045)	1.0
  (16383, 11522)	1.0
adj_test.shape: (16384, 16384)
Total Time:  0.03976559638977051
