number_of_nodes:  55333
  (0, 664)	1.0
  (0, 27782)	1.0
  (0, 2081)	1.0
  (0, 2163)	1.0
  (0, 3360)	1.0
  (0, 3365)	1.0
  (0, 9708)	1.0
  (0, 28293)	1.0
  (0, 3760)	1.0
  (0, 4629)	1.0
  (0, 4842)	1.0
  (0, 5340)	1.0
  (0, 5628)	1.0
  (0, 6167)	1.0
  (0, 6694)	1.0
  (0, 7320)	1.0
  (0, 8594)	1.0
  (0, 8626)	1.0
  (0, 8741)	1.0
  (0, 11393)	1.0
  (0, 38921)	1.0
  (0, 12699)	1.0
  (0, 13913)	1.0
  (0, 14170)	1.0
  (0, 14279)	1.0
  :	:
  (55332, 2194)	1.0
  (55332, 2372)	1.0
  (55332, 3516)	1.0
  (55332, 4142)	1.0
  (55332, 6620)	1.0
  (55332, 6879)	1.0
  (55332, 2563)	1.0
  (55332, 11862)	1.0
  (55332, 14394)	1.0
  (55332, 11791)	1.0
  (55332, 16564)	1.0
  (55332, 18158)	1.0
  (55332, 23765)	1.0
  (55332, 47002)	1.0
  (55332, 29091)	1.0
  (55332, 16413)	1.0
  (55332, 35959)	1.0
  (55332, 39107)	1.0
  (55332, 45127)	1.0
  (55332, 10083)	1.0
  (55332, 48880)	1.0
  (55332, 50090)	1.0
  (55332, 38665)	1.0
  (55332, 45721)	1.0
  (55332, 26024)	1.0
adj_test.shape: (55333, 55333)
Total Time:  0.3697071075439453
