number_of_nodes:  32768
  (0, 664)	1.0
  (0, 27782)	1.0
  (0, 2081)	1.0
  (0, 2163)	1.0
  (0, 3360)	1.0
  (0, 3365)	1.0
  (0, 9708)	1.0
  (0, 28293)	1.0
  (0, 3760)	1.0
  (0, 4629)	1.0
  (0, 4842)	1.0
  (0, 5340)	1.0
  (0, 5628)	1.0
  (0, 6167)	1.0
  (0, 6694)	1.0
  (0, 7320)	1.0
  (0, 8594)	1.0
  (0, 8626)	1.0
  (0, 8741)	1.0
  (0, 11393)	1.0
  (0, 12699)	1.0
  (0, 13913)	1.0
  (0, 14170)	1.0
  (0, 14279)	1.0
  (0, 17996)	1.0
  :	:
  (32766, 24379)	1.0
  (32766, 23711)	1.0
  (32767, 2070)	1.0
  (32767, 4580)	1.0
  (32767, 5421)	1.0
  (32767, 7566)	1.0
  (32767, 8426)	1.0
  (32767, 9352)	1.0
  (32767, 9417)	1.0
  (32767, 16140)	1.0
  (32767, 18794)	1.0
  (32767, 6501)	1.0
  (32767, 19712)	1.0
  (32767, 10078)	1.0
  (32767, 21419)	1.0
  (32767, 22052)	1.0
  (32767, 22303)	1.0
  (32767, 22881)	1.0
  (32767, 25896)	1.0
  (32767, 26341)	1.0
  (32767, 12965)	1.0
  (32767, 3690)	1.0
  (32767, 32719)	1.0
  (32767, 19414)	1.0
  (32767, 7772)	1.0
adj_test.shape: (32768, 32768)
Total Time:  0.1405782699584961
