number_of_nodes:  1024
  (0, 249)	1.0
  (0, 969)	1.0
  (6, 175)	1.0
  (6, 527)	1.0
  (6, 617)	1.0
  (9, 933)	1.0
  (12, 970)	1.0
  (19, 35)	1.0
  (20, 913)	1.0
  (24, 573)	1.0
  (27, 756)	1.0
  (28, 681)	1.0
  (33, 504)	1.0
  (35, 19)	1.0
  (41, 889)	1.0
  (44, 793)	1.0
  (45, 258)	1.0
  (45, 679)	1.0
  (49, 971)	1.0
  (52, 97)	1.0
  (52, 182)	1.0
  (60, 561)	1.0
  (63, 382)	1.0
  (63, 726)	1.0
  (64, 631)	1.0
  :	:
  (970, 184)	1.0
  (971, 49)	1.0
  (972, 570)	1.0
  (972, 943)	1.0
  (974, 160)	1.0
  (974, 987)	1.0
  (981, 103)	1.0
  (981, 358)	1.0
  (981, 535)	1.0
  (981, 567)	1.0
  (981, 910)	1.0
  (981, 958)	1.0
  (983, 295)	1.0
  (986, 499)	1.0
  (986, 837)	1.0
  (987, 974)	1.0
  (992, 800)	1.0
  (995, 295)	1.0
  (996, 92)	1.0
  (996, 663)	1.0
  (1007, 243)	1.0
  (1011, 668)	1.0
  (1019, 542)	1.0
  (1019, 741)	1.0
  (1019, 793)	1.0
adj_test.shape: (1024, 1024)
Total Time:  0.0011935234069824219
