number_of_nodes:  2048
  (0, 249)	1.0
  (0, 969)	1.0
  (0, 1408)	1.0
  (0, 1838)	1.0
  (1, 1394)	1.0
  (1, 1426)	1.0
  (6, 175)	1.0
  (6, 527)	1.0
  (6, 617)	1.0
  (9, 933)	1.0
  (9, 1683)	1.0
  (9, 1710)	1.0
  (12, 970)	1.0
  (12, 1959)	1.0
  (14, 1501)	1.0
  (19, 35)	1.0
  (20, 913)	1.0
  (20, 1532)	1.0
  (21, 1508)	1.0
  (24, 573)	1.0
  (24, 1406)	1.0
  (24, 1740)	1.0
  (27, 756)	1.0
  (27, 1079)	1.0
  (28, 681)	1.0
  :	:
  (2031, 1711)	1.0
  (2032, 682)	1.0
  (2034, 981)	1.0
  (2039, 524)	1.0
  (2039, 567)	1.0
  (2039, 603)	1.0
  (2039, 1717)	1.0
  (2039, 1968)	1.0
  (2040, 679)	1.0
  (2040, 1036)	1.0
  (2040, 1055)	1.0
  (2041, 170)	1.0
  (2042, 1135)	1.0
  (2045, 617)	1.0
  (2046, 747)	1.0
  (2046, 793)	1.0
  (2046, 898)	1.0
  (2046, 1132)	1.0
  (2046, 1213)	1.0
  (2046, 1324)	1.0
  (2047, 143)	1.0
  (2047, 580)	1.0
  (2047, 641)	1.0
  (2047, 685)	1.0
  (2047, 1778)	1.0
adj_test.shape: (2048, 2048)
Total Time:  0.0023698806762695312
