dataset:  amazon
number of nodes:  64
  (0, 0)	4.0
  (1, 1)	4.0
  (2, 2)	4.0
  (3, 3)	4.0
  (4, 4)	4.0
  (5, 5)	4.0
  (6, 6)	4.0
  (7, 7)	4.0
  (8, 8)	4.0
  (9, 9)	4.0
  (10, 10)	4.0
  (11, 11)	4.0
  (12, 12)	4.0
  (13, 13)	4.0
  (14, 14)	4.0
  (15, 15)	4.0
  (16, 16)	4.0
  (17, 17)	4.0
  (18, 18)	4.0
  (19, 19)	4.0
  (20, 20)	4.0
  (21, 21)	4.0
  (22, 22)	4.0
  (23, 23)	4.0
  (24, 24)	4.0
  :	:
  (39, 39)	4.0
  (40, 40)	4.0
  (41, 41)	4.0
  (42, 42)	4.0
  (43, 43)	4.0
  (44, 44)	4.0
  (45, 45)	4.0
  (46, 46)	4.0
  (47, 47)	4.0
  (48, 48)	4.0
  (49, 49)	4.0
  (50, 50)	4.0
  (51, 51)	4.0
  (52, 52)	4.0
  (53, 53)	4.0
  (54, 54)	4.0
  (55, 55)	4.0
  (56, 56)	4.0
  (57, 57)	4.0
  (58, 58)	4.0
  (59, 59)	4.0
  (60, 60)	4.0
  (61, 61)	4.0
  (62, 62)	4.0
  (63, 63)	4.0
adj_test.shape: (64, 64)
Total Time:  0.00019240379333496094
