dataset:  amazon
number of nodes:  4096
  (0, 0)	4.0
  (1, 1)	4.0
  (2, 2)	4.0
  (3, 3)	4.0
  (4, 4)	4.0
  (5, 5)	4.0
  (6, 6)	4.0
  (6, 3546)	2.0
  (7, 7)	4.0
  (7, 2642)	2.0
  (8, 8)	4.0
  (9, 9)	4.0
  (9, 4084)	2.0
  (10, 10)	4.0
  (11, 11)	4.0
  (12, 12)	4.0
  (13, 13)	4.0
  (14, 14)	4.0
  (15, 15)	4.0
  (16, 16)	4.0
  (17, 17)	4.0
  (18, 18)	4.0
  (19, 19)	4.0
  (20, 20)	4.0
  (21, 21)	4.0
  :	:
  (4084, 4084)	4.0
  (4085, 2331)	2.0
  (4085, 2453)	2.0
  (4085, 2490)	2.0
  (4085, 3770)	2.0
  (4085, 4085)	4.0
  (4086, 4086)	4.0
  (4087, 4087)	4.0
  (4088, 4088)	4.0
  (4089, 418)	2.0
  (4089, 1121)	2.0
  (4089, 1236)	2.0
  (4089, 1304)	2.0
  (4089, 2433)	2.0
  (4089, 2496)	2.0
  (4089, 2521)	2.0
  (4089, 4089)	4.0
  (4090, 1448)	2.0
  (4090, 1551)	2.0
  (4090, 4090)	4.0
  (4091, 4091)	4.0
  (4092, 4092)	4.0
  (4093, 4093)	4.0
  (4094, 4094)	4.0
  (4095, 4095)	4.0
adj_test.shape: (4096, 4096)
Total Time:  0.0012023448944091797
