dataset:  amazon
number of nodes:  16384
  (0, 0)	4.0
  (1, 1)	4.0
  (2, 2)	4.0
  (3, 3)	4.0
  (3, 4637)	2.0
  (3, 11080)	2.0
  (4, 4)	4.0
  (5, 5)	4.0
  (6, 6)	4.0
  (6, 3546)	2.0
  (6, 11341)	2.0
  (7, 7)	4.0
  (7, 2642)	2.0
  (8, 8)	4.0
  (9, 9)	4.0
  (9, 4084)	2.0
  (9, 9994)	2.0
  (10, 10)	4.0
  (11, 11)	4.0
  (12, 12)	4.0
  (13, 13)	4.0
  (13, 10380)	2.0
  (14, 14)	4.0
  (14, 14215)	2.0
  (14, 16064)	2.0
  :	:
  (16365, 3537)	2.0
  (16365, 5975)	2.0
  (16365, 6781)	2.0
  (16365, 7031)	2.0
  (16365, 8960)	2.0
  (16365, 16365)	4.0
  (16366, 16366)	4.0
  (16367, 15325)	2.0
  (16367, 16367)	4.0
  (16368, 16368)	4.0
  (16369, 16369)	4.0
  (16370, 16370)	4.0
  (16371, 16371)	4.0
  (16372, 16372)	4.0
  (16373, 16373)	4.0
  (16374, 16374)	4.0
  (16375, 16375)	4.0
  (16376, 16376)	4.0
  (16377, 16377)	4.0
  (16378, 16378)	4.0
  (16379, 16379)	4.0
  (16380, 16380)	4.0
  (16381, 16381)	4.0
  (16382, 16382)	4.0
  (16383, 16383)	4.0
adj_test.shape: (16384, 16384)
Total Time:  0.012209892272949219
