dataset:  amazon
number of nodes:  256
  (0, 0)	4.0
  (1, 1)	4.0
  (2, 2)	4.0
  (3, 3)	4.0
  (4, 4)	4.0
  (5, 5)	4.0
  (6, 6)	4.0
  (7, 7)	4.0
  (8, 8)	4.0
  (9, 9)	4.0
  (10, 10)	4.0
  (11, 11)	4.0
  (12, 12)	4.0
  (13, 13)	4.0
  (14, 14)	4.0
  (15, 15)	4.0
  (16, 16)	4.0
  (17, 17)	4.0
  (18, 18)	4.0
  (19, 19)	4.0
  (20, 20)	4.0
  (21, 21)	4.0
  (22, 22)	4.0
  (23, 23)	4.0
  (24, 24)	4.0
  :	:
  (231, 231)	4.0
  (232, 232)	4.0
  (233, 233)	4.0
  (234, 234)	4.0
  (235, 235)	4.0
  (236, 236)	4.0
  (237, 237)	4.0
  (238, 238)	4.0
  (239, 239)	4.0
  (240, 240)	4.0
  (241, 241)	4.0
  (242, 242)	4.0
  (243, 243)	4.0
  (244, 244)	4.0
  (245, 245)	4.0
  (246, 246)	4.0
  (247, 247)	4.0
  (248, 248)	4.0
  (249, 249)	4.0
  (250, 250)	4.0
  (251, 251)	4.0
  (252, 252)	4.0
  (253, 253)	4.0
  (254, 254)	4.0
  (255, 255)	4.0
adj_test.shape: (256, 256)
Total Time:  0.00021719932556152344
