dataset:  amazon
number of nodes:  32
  (0, 0)	4.0
  (1, 1)	4.0
  (2, 2)	4.0
  (3, 3)	4.0
  (4, 4)	4.0
  (5, 5)	4.0
  (6, 6)	4.0
  (7, 7)	4.0
  (8, 8)	4.0
  (9, 9)	4.0
  (10, 10)	4.0
  (11, 11)	4.0
  (12, 12)	4.0
  (13, 13)	4.0
  (14, 14)	4.0
  (15, 15)	4.0
  (16, 16)	4.0
  (17, 17)	4.0
  (18, 18)	4.0
  (19, 19)	4.0
  (20, 20)	4.0
  (21, 21)	4.0
  (22, 22)	4.0
  (23, 23)	4.0
  (24, 24)	4.0
  (25, 25)	4.0
  (26, 26)	4.0
  (27, 27)	4.0
  (28, 28)	4.0
  (29, 29)	4.0
  (30, 30)	4.0
  (31, 31)	4.0
adj_test.shape: (32, 32)
Total Time:  0.0001804828643798828
