dataset:  amazon
number of nodes:  1048576
  (0, 0)	4.0
  (0, 83053)	2.0
  (0, 210735)	2.0
  (0, 497099)	2.0
  (0, 730531)	2.0
  (0, 943115)	2.0
  (1, 1)	4.0
  (2, 2)	4.0
  (2, 48705)	2.0
  (2, 64281)	2.0
  (2, 119996)	2.0
  (2, 209749)	2.0
  (2, 253769)	2.0
  (2, 269941)	2.0
  (2, 313474)	2.0
  (2, 326947)	2.0
  (2, 352759)	2.0
  (2, 420480)	2.0
  (2, 576919)	2.0
  (2, 821942)	2.0
  (3, 3)	4.0
  (3, 4637)	2.0
  (3, 11080)	2.0
  (3, 24147)	2.0
  (3, 61226)	2.0
  :	:
  (1048574, 1007423)	2.0
  (1048574, 1010816)	2.0
  (1048574, 1012103)	2.0
  (1048574, 1013523)	2.0
  (1048574, 1015373)	2.0
  (1048574, 1017826)	2.0
  (1048574, 1020234)	2.0
  (1048574, 1020285)	2.0
  (1048574, 1022462)	2.0
  (1048574, 1022633)	2.0
  (1048574, 1025381)	2.0
  (1048574, 1027923)	2.0
  (1048574, 1030738)	2.0
  (1048574, 1031828)	2.0
  (1048574, 1032743)	2.0
  (1048574, 1036230)	2.0
  (1048574, 1039392)	2.0
  (1048574, 1039920)	2.0
  (1048574, 1041042)	2.0
  (1048574, 1043425)	2.0
  (1048574, 1043554)	2.0
  (1048574, 1046582)	2.0
  (1048574, 1047207)	2.0
  (1048574, 1048574)	4.0
  (1048575, 1048575)	4.0
adj_test.shape: (1048576, 1048576)
Total Time:  17.635620832443237
