dataset:  amazon
number of nodes:  262144
  (0, 0)	4.0
  (0, 83053)	2.0
  (0, 210735)	2.0
  (1, 1)	4.0
  (2, 2)	4.0
  (2, 48705)	2.0
  (2, 64281)	2.0
  (2, 119996)	2.0
  (2, 209749)	2.0
  (2, 253769)	2.0
  (3, 3)	4.0
  (3, 4637)	2.0
  (3, 11080)	2.0
  (3, 24147)	2.0
  (3, 61226)	2.0
  (3, 96348)	2.0
  (3, 128398)	2.0
  (3, 129657)	2.0
  (3, 157578)	2.0
  (3, 167421)	2.0
  (3, 221152)	2.0
  (3, 236696)	2.0
  (3, 258837)	2.0
  (4, 4)	4.0
  (4, 224639)	2.0
  :	:
  (262142, 118930)	2.0
  (262142, 123514)	2.0
  (262142, 129163)	2.0
  (262142, 131733)	2.0
  (262142, 136638)	2.0
  (262142, 139163)	2.0
  (262142, 143079)	2.0
  (262142, 144400)	2.0
  (262142, 144500)	2.0
  (262142, 146490)	2.0
  (262142, 151380)	2.0
  (262142, 151784)	2.0
  (262142, 152392)	2.0
  (262142, 158063)	2.0
  (262142, 164792)	2.0
  (262142, 171367)	2.0
  (262142, 206614)	2.0
  (262142, 211172)	2.0
  (262142, 222968)	2.0
  (262142, 225093)	2.0
  (262142, 235443)	2.0
  (262142, 237214)	2.0
  (262142, 244005)	2.0
  (262142, 262142)	4.0
  (262143, 262143)	4.0
adj_test.shape: (262144, 262144)
Total Time:  0.9621641635894775
