dataset:  amazon
number of nodes:  512
  (0, 0)	4.0
  (1, 1)	4.0
  (2, 2)	4.0
  (3, 3)	4.0
  (4, 4)	4.0
  (5, 5)	4.0
  (6, 6)	4.0
  (7, 7)	4.0
  (8, 8)	4.0
  (9, 9)	4.0
  (10, 10)	4.0
  (11, 11)	4.0
  (12, 12)	4.0
  (13, 13)	4.0
  (14, 14)	4.0
  (15, 15)	4.0
  (16, 16)	4.0
  (17, 17)	4.0
  (18, 18)	4.0
  (19, 19)	4.0
  (20, 20)	4.0
  (21, 21)	4.0
  (22, 22)	4.0
  (23, 23)	4.0
  (24, 24)	4.0
  :	:
  (487, 487)	4.0
  (488, 488)	4.0
  (489, 489)	4.0
  (490, 490)	4.0
  (491, 491)	4.0
  (492, 492)	4.0
  (493, 493)	4.0
  (494, 494)	4.0
  (495, 495)	4.0
  (496, 496)	4.0
  (497, 497)	4.0
  (498, 498)	4.0
  (499, 499)	4.0
  (500, 500)	4.0
  (501, 501)	4.0
  (502, 502)	4.0
  (503, 503)	4.0
  (504, 504)	4.0
  (505, 505)	4.0
  (506, 506)	4.0
  (507, 507)	4.0
  (508, 508)	4.0
  (509, 509)	4.0
  (510, 510)	4.0
  (511, 511)	4.0
adj_test.shape: (512, 512)
Total Time:  0.0002624988555908203
