dataset:  amazon
number of nodes:  2048
  (0, 0)	4.0
  (1, 1)	4.0
  (2, 2)	4.0
  (3, 3)	4.0
  (4, 4)	4.0
  (5, 5)	4.0
  (6, 6)	4.0
  (7, 7)	4.0
  (8, 8)	4.0
  (9, 9)	4.0
  (10, 10)	4.0
  (11, 11)	4.0
  (12, 12)	4.0
  (13, 13)	4.0
  (14, 14)	4.0
  (15, 15)	4.0
  (16, 16)	4.0
  (17, 17)	4.0
  (18, 18)	4.0
  (19, 19)	4.0
  (20, 20)	4.0
  (21, 21)	4.0
  (22, 22)	4.0
  (23, 23)	4.0
  (24, 24)	4.0
  :	:
  (2031, 2031)	4.0
  (2032, 2032)	4.0
  (2033, 2033)	4.0
  (2034, 2034)	4.0
  (2035, 569)	2.0
  (2035, 1850)	2.0
  (2035, 2035)	4.0
  (2036, 2036)	4.0
  (2037, 2037)	4.0
  (2038, 2038)	4.0
  (2039, 179)	2.0
  (2039, 235)	2.0
  (2039, 589)	2.0
  (2039, 1180)	2.0
  (2039, 2039)	4.0
  (2040, 2040)	4.0
  (2041, 2041)	4.0
  (2042, 2042)	4.0
  (2043, 2043)	4.0
  (2044, 2044)	4.0
  (2045, 121)	2.0
  (2045, 2045)	4.0
  (2046, 2046)	4.0
  (2047, 666)	2.0
  (2047, 2047)	4.0
adj_test.shape: (2048, 2048)
Total Time:  0.0006926059722900391
