dataset:  amazon
number of nodes:  128
  (0, 0)	4.0
  (1, 1)	4.0
  (2, 2)	4.0
  (3, 3)	4.0
  (4, 4)	4.0
  (5, 5)	4.0
  (6, 6)	4.0
  (7, 7)	4.0
  (8, 8)	4.0
  (9, 9)	4.0
  (10, 10)	4.0
  (11, 11)	4.0
  (12, 12)	4.0
  (13, 13)	4.0
  (14, 14)	4.0
  (15, 15)	4.0
  (16, 16)	4.0
  (17, 17)	4.0
  (18, 18)	4.0
  (19, 19)	4.0
  (20, 20)	4.0
  (21, 21)	4.0
  (22, 22)	4.0
  (23, 23)	4.0
  (24, 24)	4.0
  :	:
  (103, 103)	4.0
  (104, 104)	4.0
  (105, 105)	4.0
  (106, 106)	4.0
  (107, 107)	4.0
  (108, 108)	4.0
  (109, 109)	4.0
  (110, 110)	4.0
  (111, 111)	4.0
  (112, 112)	4.0
  (113, 113)	4.0
  (114, 114)	4.0
  (115, 115)	4.0
  (116, 116)	4.0
  (117, 117)	4.0
  (118, 118)	4.0
  (119, 119)	4.0
  (120, 120)	4.0
  (121, 121)	4.0
  (122, 122)	4.0
  (123, 123)	4.0
  (124, 124)	4.0
  (125, 125)	4.0
  (126, 126)	4.0
  (127, 127)	4.0
adj_test.shape: (128, 128)
Total Time:  0.0001819133758544922
