dataset:  yelp
number of nodes:  128
  (0, 0)	4
  (1, 1)	4
  (2, 2)	4
  (3, 3)	4
  (4, 4)	4
  (5, 5)	4
  (6, 6)	4
  (7, 7)	4
  (8, 8)	4
  (9, 9)	4
  (10, 10)	4
  (11, 11)	4
  (12, 12)	4
  (13, 13)	4
  (14, 14)	4
  (15, 15)	4
  (16, 16)	4
  (17, 17)	4
  (18, 18)	4
  (19, 19)	4
  (20, 20)	4
  (21, 21)	4
  (22, 22)	4
  (23, 23)	4
  (24, 24)	4
  :	:
  (103, 103)	4
  (104, 104)	4
  (105, 105)	4
  (106, 106)	4
  (107, 107)	4
  (108, 108)	4
  (109, 109)	4
  (110, 110)	4
  (111, 111)	4
  (112, 112)	4
  (113, 113)	4
  (114, 114)	4
  (115, 115)	4
  (116, 116)	4
  (117, 117)	4
  (118, 118)	4
  (119, 119)	4
  (120, 120)	4
  (121, 121)	4
  (122, 122)	4
  (123, 123)	4
  (124, 124)	4
  (125, 125)	4
  (126, 126)	4
  (127, 127)	4
adj_test.shape: (128, 128)
Total Time:  0.00017070770263671875
