dataset:  yelp
number of nodes:  1024
  (0, 0)	4
  (1, 1)	4
  (2, 2)	4
  (3, 3)	4
  (4, 4)	4
  (5, 5)	4
  (6, 6)	4
  (7, 7)	4
  (8, 8)	4
  (9, 9)	4
  (10, 10)	4
  (11, 11)	4
  (12, 12)	4
  (13, 13)	4
  (14, 14)	4
  (15, 15)	4
  (16, 16)	4
  (17, 17)	4
  (18, 18)	4
  (18, 910)	4
  (19, 19)	4
  (20, 20)	4
  (21, 21)	4
  (22, 22)	4
  (23, 23)	4
  :	:
  (999, 999)	4
  (1000, 1000)	4
  (1001, 1001)	4
  (1002, 1002)	4
  (1003, 1003)	4
  (1004, 1004)	4
  (1005, 1005)	4
  (1006, 1006)	4
  (1007, 1007)	4
  (1008, 1008)	4
  (1009, 1009)	4
  (1010, 1010)	4
  (1011, 1011)	4
  (1012, 1012)	4
  (1013, 1013)	4
  (1014, 1014)	4
  (1015, 1015)	4
  (1016, 1016)	4
  (1017, 1017)	4
  (1018, 1018)	4
  (1019, 1019)	4
  (1020, 1020)	4
  (1021, 1021)	4
  (1022, 1022)	4
  (1023, 1023)	4
adj_test.shape: (1024, 1024)
Total Time:  0.00019621849060058594
