dataset:  yelp
number of nodes:  524288
  (0, 0)	4
  (0, 92811)	4
  (0, 95991)	4
  (0, 104131)	4
  (0, 105134)	4
  (0, 127935)	4
  (0, 130098)	4
  (0, 208338)	4
  (0, 217701)	4
  (0, 219414)	4
  (0, 231792)	4
  (0, 258403)	4
  (0, 264100)	4
  (0, 264237)	4
  (0, 273677)	4
  (0, 287117)	4
  (0, 302098)	4
  (0, 331392)	4
  (0, 380174)	4
  (0, 384136)	4
  (0, 415777)	4
  (0, 415847)	4
  (0, 436600)	4
  (0, 440930)	4
  (0, 453866)	4
  :	:
  (524283, 472087)	4
  (524283, 476679)	4
  (524283, 498605)	4
  (524283, 504483)	4
  (524283, 520703)	4
  (524283, 524283)	4
  (524284, 524284)	4
  (524285, 135260)	4
  (524285, 192053)	4
  (524285, 524285)	4
  (524286, 184337)	4
  (524286, 282737)	4
  (524286, 377906)	4
  (524286, 422684)	4
  (524286, 524286)	4
  (524287, 151330)	4
  (524287, 181823)	4
  (524287, 225111)	4
  (524287, 293863)	4
  (524287, 318376)	4
  (524287, 375793)	4
  (524287, 401661)	4
  (524287, 464137)	4
  (524287, 470392)	4
  (524287, 524287)	4
adj_test.shape: (524288, 524288)
Total Time:  0.29360342025756836
