dataset:  yelp
number of nodes:  131072
  (0, 0)	4
  (0, 92811)	4
  (0, 95991)	4
  (0, 104131)	4
  (0, 105134)	4
  (0, 127935)	4
  (0, 130098)	4
  (1, 1)	4
  (2, 2)	4
  (2, 11681)	4
  (2, 59800)	4
  (3, 3)	4
  (4, 4)	4
  (5, 5)	4
  (6, 6)	4
  (6, 22082)	4
  (6, 65285)	4
  (6, 84121)	4
  (6, 103725)	4
  (7, 7)	4
  (7, 32070)	4
  (7, 68004)	4
  (7, 79050)	4
  (8, 8)	4
  (8, 10861)	4
  :	:
  (131057, 131057)	4
  (131058, 83435)	4
  (131058, 131058)	4
  (131059, 124639)	4
  (131059, 131059)	4
  (131060, 131060)	4
  (131061, 131061)	4
  (131062, 42099)	4
  (131062, 77065)	4
  (131062, 91488)	4
  (131062, 125309)	4
  (131062, 131062)	4
  (131063, 131063)	4
  (131064, 114553)	4
  (131064, 131064)	4
  (131065, 131065)	4
  (131066, 103785)	4
  (131066, 131066)	4
  (131067, 131067)	4
  (131068, 131068)	4
  (131069, 131069)	4
  (131070, 104210)	4
  (131070, 131070)	4
  (131071, 80330)	4
  (131071, 131071)	4
adj_test.shape: (131072, 131072)
Total Time:  0.015479087829589844
