number_of_nodes:  512
  (0, 249)	1.0
  (6, 175)	1.0
  (19, 35)	1.0
  (33, 504)	1.0
  (35, 19)	1.0
  (45, 258)	1.0
  (52, 97)	1.0
  (52, 182)	1.0
  (63, 382)	1.0
  (77, 154)	1.0
  (78, 511)	1.0
  (79, 117)	1.0
  (83, 428)	1.0
  (83, 497)	1.0
  (84, 363)	1.0
  (87, 481)	1.0
  (96, 501)	1.0
  (97, 52)	1.0
  (97, 182)	1.0
  (97, 352)	1.0
  (113, 304)	1.0
  (114, 392)	1.0
  (117, 79)	1.0
  (119, 121)	1.0
  (121, 119)	1.0
  :	:
  (419, 435)	1.0
  (420, 351)	1.0
  (428, 83)	1.0
  (435, 419)	1.0
  (438, 398)	1.0
  (445, 212)	1.0
  (452, 349)	1.0
  (453, 371)	1.0
  (454, 352)	1.0
  (458, 168)	1.0
  (466, 415)	1.0
  (481, 87)	1.0
  (484, 317)	1.0
  (486, 349)	1.0
  (489, 504)	1.0
  (493, 135)	1.0
  (496, 144)	1.0
  (497, 83)	1.0
  (501, 96)	1.0
  (504, 33)	1.0
  (504, 248)	1.0
  (504, 275)	1.0
  (504, 489)	1.0
  (507, 182)	1.0
  (511, 78)	1.0
adj_test.shape: (512, 512)
Total Time:  0.0005977153778076172
