number_of_nodes:  4096
  (0, 249)	1.0
  (0, 969)	1.0
  (0, 1408)	1.0
  (0, 1838)	1.0
  (0, 2794)	1.0
  (0, 4071)	1.0
  (1, 1394)	1.0
  (1, 1426)	1.0
  (2, 3077)	1.0
  (5, 2900)	1.0
  (6, 175)	1.0
  (6, 527)	1.0
  (6, 617)	1.0
  (7, 3687)	1.0
  (9, 933)	1.0
  (9, 1683)	1.0
  (9, 1710)	1.0
  (10, 2396)	1.0
  (12, 970)	1.0
  (12, 1959)	1.0
  (14, 1501)	1.0
  (14, 2142)	1.0
  (14, 3963)	1.0
  (16, 3732)	1.0
  (19, 35)	1.0
  :	:
  (4082, 2903)	1.0
  (4083, 1123)	1.0
  (4083, 1847)	1.0
  (4083, 2608)	1.0
  (4083, 4094)	1.0
  (4085, 4051)	1.0
  (4088, 1232)	1.0
  (4088, 1377)	1.0
  (4088, 1386)	1.0
  (4088, 2829)	1.0
  (4088, 3217)	1.0
  (4090, 601)	1.0
  (4090, 1324)	1.0
  (4090, 1790)	1.0
  (4090, 2046)	1.0
  (4093, 407)	1.0
  (4093, 888)	1.0
  (4093, 1738)	1.0
  (4093, 1931)	1.0
  (4093, 2245)	1.0
  (4094, 551)	1.0
  (4094, 1768)	1.0
  (4094, 4083)	1.0
  (4095, 698)	1.0
  (4095, 1424)	1.0
adj_test.shape: (4096, 4096)
Total Time:  0.005174875259399414
