number_of_nodes:  256
  (0, 249)	1.0
  (6, 175)	1.0
  (19, 35)	1.0
  (35, 19)	1.0
  (52, 97)	1.0
  (52, 182)	1.0
  (77, 154)	1.0
  (79, 117)	1.0
  (97, 52)	1.0
  (97, 182)	1.0
  (117, 79)	1.0
  (119, 121)	1.0
  (121, 119)	1.0
  (142, 173)	1.0
  (154, 77)	1.0
  (159, 249)	1.0
  (168, 252)	1.0
  (173, 142)	1.0
  (175, 6)	1.0
  (182, 52)	1.0
  (182, 97)	1.0
  (216, 235)	1.0
  (235, 216)	1.0
  (249, 0)	1.0
  (249, 159)	1.0
  (252, 168)	1.0
adj_test.shape: (256, 256)
Total Time:  0.0004372596740722656
