number_of_nodes:  55333
  (0, 249)	1.0
  (0, 969)	1.0
  (0, 1408)	1.0
  (0, 1838)	1.0
  (0, 2794)	1.0
  (0, 4071)	1.0
  (0, 4595)	1.0
  (0, 4895)	1.0
  (0, 5754)	1.0
  (0, 6168)	1.0
  (0, 7991)	1.0
  (0, 8045)	1.0
  (0, 8700)	1.0
  (0, 9009)	1.0
  (0, 9938)	1.0
  (0, 12663)	1.0
  (0, 12895)	1.0
  (0, 13529)	1.0
  (0, 13685)	1.0
  (0, 13850)	1.0
  (0, 13864)	1.0
  (0, 14119)	1.0
  (0, 14584)	1.0
  (0, 14747)	1.0
  (0, 15184)	1.0
  :	:
  (55329, 51987)	1.0
  (55329, 53832)	1.0
  (55330, 41775)	1.0
  (55330, 44605)	1.0
  (55330, 47611)	1.0
  (55331, 12455)	1.0
  (55331, 12921)	1.0
  (55331, 16082)	1.0
  (55331, 29340)	1.0
  (55332, 213)	1.0
  (55332, 924)	1.0
  (55332, 2662)	1.0
  (55332, 17340)	1.0
  (55332, 22971)	1.0
  (55332, 23862)	1.0
  (55332, 31697)	1.0
  (55332, 32295)	1.0
  (55332, 37073)	1.0
  (55332, 40447)	1.0
  (55332, 44363)	1.0
  (55332, 44862)	1.0
  (55332, 50675)	1.0
  (55332, 51018)	1.0
  (55332, 52821)	1.0
  (55332, 53553)	1.0
adj_test.shape: (55333, 55333)
Total Time:  0.31841039657592773
