number_of_nodes:  8192
  (0, 249)	1.0
  (0, 969)	1.0
  (0, 1408)	1.0
  (0, 1838)	1.0
  (0, 2794)	1.0
  (0, 4071)	1.0
  (0, 4595)	1.0
  (0, 4895)	1.0
  (0, 5754)	1.0
  (0, 6168)	1.0
  (0, 7991)	1.0
  (0, 8045)	1.0
  (1, 1394)	1.0
  (1, 1426)	1.0
  (2, 3077)	1.0
  (2, 4300)	1.0
  (2, 4424)	1.0
  (3, 4626)	1.0
  (3, 4632)	1.0
  (3, 5080)	1.0
  (3, 6616)	1.0
  (3, 8181)	1.0
  (5, 2900)	1.0
  (5, 7851)	1.0
  (6, 175)	1.0
  :	:
  (8183, 2957)	1.0
  (8183, 5192)	1.0
  (8183, 6458)	1.0
  (8183, 7371)	1.0
  (8183, 8049)	1.0
  (8184, 403)	1.0
  (8184, 7107)	1.0
  (8186, 1717)	1.0
  (8186, 7762)	1.0
  (8187, 1717)	1.0
  (8187, 1862)	1.0
  (8187, 2531)	1.0
  (8187, 3244)	1.0
  (8187, 5473)	1.0
  (8187, 5476)	1.0
  (8187, 5704)	1.0
  (8187, 7191)	1.0
  (8188, 2647)	1.0
  (8188, 5603)	1.0
  (8190, 1398)	1.0
  (8190, 6549)	1.0
  (8190, 7338)	1.0
  (8191, 1847)	1.0
  (8191, 3412)	1.0
  (8191, 7017)	1.0
adj_test.shape: (8192, 8192)
Total Time:  0.014214515686035156
