number_of_nodes:  32768
  (0, 249)	1.0
  (0, 969)	1.0
  (0, 1408)	1.0
  (0, 1838)	1.0
  (0, 2794)	1.0
  (0, 4071)	1.0
  (0, 4595)	1.0
  (0, 4895)	1.0
  (0, 5754)	1.0
  (0, 6168)	1.0
  (0, 7991)	1.0
  (0, 8045)	1.0
  (0, 8700)	1.0
  (0, 9009)	1.0
  (0, 9938)	1.0
  (0, 12663)	1.0
  (0, 12895)	1.0
  (0, 13529)	1.0
  (0, 13685)	1.0
  (0, 13850)	1.0
  (0, 13864)	1.0
  (0, 14119)	1.0
  (0, 14584)	1.0
  (0, 14747)	1.0
  (0, 15184)	1.0
  :	:
  (32765, 31625)	1.0
  (32766, 1617)	1.0
  (32766, 5053)	1.0
  (32766, 7191)	1.0
  (32766, 7449)	1.0
  (32766, 12260)	1.0
  (32766, 13120)	1.0
  (32766, 18727)	1.0
  (32766, 22664)	1.0
  (32766, 25817)	1.0
  (32766, 26220)	1.0
  (32766, 27348)	1.0
  (32766, 27794)	1.0
  (32766, 28674)	1.0
  (32767, 2444)	1.0
  (32767, 2870)	1.0
  (32767, 8376)	1.0
  (32767, 9780)	1.0
  (32767, 10460)	1.0
  (32767, 16766)	1.0
  (32767, 16769)	1.0
  (32767, 18108)	1.0
  (32767, 22093)	1.0
  (32767, 25814)	1.0
  (32767, 29044)	1.0
adj_test.shape: (32768, 32768)
Total Time:  0.12677550315856934
