dataset:  amazon
number of nodes:  1024
  (0, 0)	4.0
  (1, 1)	4.0
  (2, 2)	4.0
  (3, 3)	4.0
  (4, 4)	4.0
  (5, 5)	4.0
  (6, 6)	4.0
  (7, 7)	4.0
  (8, 8)	4.0
  (9, 9)	4.0
  (10, 10)	4.0
  (11, 11)	4.0
  (12, 12)	4.0
  (13, 13)	4.0
  (14, 14)	4.0
  (15, 15)	4.0
  (16, 16)	4.0
  (17, 17)	4.0
  (18, 18)	4.0
  (19, 19)	4.0
  (20, 20)	4.0
  (21, 21)	4.0
  (22, 22)	4.0
  (23, 23)	4.0
  (24, 24)	4.0
  :	:
  (1001, 1001)	4.0
  (1002, 1002)	4.0
  (1003, 1003)	4.0
  (1004, 1004)	4.0
  (1005, 1005)	4.0
  (1006, 1006)	4.0
  (1007, 1007)	4.0
  (1008, 1008)	4.0
  (1009, 1009)	4.0
  (1010, 1010)	4.0
  (1011, 1011)	4.0
  (1012, 1012)	4.0
  (1013, 1013)	4.0
  (1014, 1014)	4.0
  (1015, 1015)	4.0
  (1016, 1016)	4.0
  (1017, 1017)	4.0
  (1018, 1018)	4.0
  (1019, 1019)	4.0
  (1020, 1020)	4.0
  (1021, 1021)	4.0
  (1022, 431)	2.0
  (1022, 618)	2.0
  (1022, 1022)	4.0
  (1023, 1023)	4.0
adj_test.shape: (1024, 1024)
Total Time:  0.00030732154846191406
