dataset:  amazon
number of nodes:  8192
  (0, 0)	4.0
  (1, 1)	4.0
  (2, 2)	4.0
  (3, 3)	4.0
  (3, 4637)	2.0
  (4, 4)	4.0
  (5, 5)	4.0
  (6, 6)	4.0
  (6, 3546)	2.0
  (7, 7)	4.0
  (7, 2642)	2.0
  (8, 8)	4.0
  (9, 9)	4.0
  (9, 4084)	2.0
  (10, 10)	4.0
  (11, 11)	4.0
  (12, 12)	4.0
  (13, 13)	4.0
  (14, 14)	4.0
  (15, 15)	4.0
  (16, 16)	4.0
  (17, 17)	4.0
  (18, 18)	4.0
  (19, 19)	4.0
  (20, 20)	4.0
  :	:
  (8180, 8180)	4.0
  (8181, 2997)	2.0
  (8181, 8181)	4.0
  (8182, 8182)	4.0
  (8183, 8183)	4.0
  (8184, 7890)	2.0
  (8184, 8184)	4.0
  (8185, 8185)	4.0
  (8186, 1020)	2.0
  (8186, 2473)	2.0
  (8186, 2594)	2.0
  (8186, 6731)	2.0
  (8186, 8186)	4.0
  (8187, 8187)	4.0
  (8188, 8188)	4.0
  (8189, 8189)	4.0
  (8190, 8190)	4.0
  (8191, 664)	2.0
  (8191, 1206)	2.0
  (8191, 1481)	2.0
  (8191, 3188)	2.0
  (8191, 5873)	2.0
  (8191, 7168)	2.0
  (8191, 8178)	2.0
  (8191, 8191)	4.0
adj_test.shape: (8192, 8192)
Total Time:  0.004338502883911133
