dataset:  amazon
number of nodes:  32768
  (0, 0)	4.0
  (1, 1)	4.0
  (2, 2)	4.0
  (3, 3)	4.0
  (3, 4637)	2.0
  (3, 11080)	2.0
  (3, 24147)	2.0
  (4, 4)	4.0
  (5, 5)	4.0
  (6, 6)	4.0
  (6, 3546)	2.0
  (6, 11341)	2.0
  (6, 24560)	2.0
  (6, 25387)	2.0
  (7, 7)	4.0
  (7, 2642)	2.0
  (8, 8)	4.0
  (9, 9)	4.0
  (9, 4084)	2.0
  (9, 9994)	2.0
  (10, 10)	4.0
  (11, 11)	4.0
  (12, 12)	4.0
  (13, 13)	4.0
  (13, 10380)	2.0
  :	:
  (32753, 15982)	2.0
  (32753, 17280)	2.0
  (32753, 17829)	2.0
  (32753, 21995)	2.0
  (32753, 30123)	2.0
  (32753, 32753)	4.0
  (32754, 32754)	4.0
  (32755, 32755)	4.0
  (32756, 30897)	2.0
  (32756, 32756)	4.0
  (32757, 1580)	2.0
  (32757, 25136)	2.0
  (32757, 32757)	4.0
  (32758, 15613)	2.0
  (32758, 32758)	4.0
  (32759, 32759)	4.0
  (32760, 32760)	4.0
  (32761, 32761)	4.0
  (32762, 32762)	4.0
  (32763, 32763)	4.0
  (32764, 32764)	4.0
  (32765, 32765)	4.0
  (32766, 32766)	4.0
  (32767, 31487)	2.0
  (32767, 32767)	4.0
adj_test.shape: (32768, 32768)
Total Time:  0.027737140655517578
