dataset:  amazon
number of nodes:  131072
  (0, 0)	4.0
  (0, 83053)	2.0
  (1, 1)	4.0
  (2, 2)	4.0
  (2, 48705)	2.0
  (2, 64281)	2.0
  (2, 119996)	2.0
  (3, 3)	4.0
  (3, 4637)	2.0
  (3, 11080)	2.0
  (3, 24147)	2.0
  (3, 61226)	2.0
  (3, 96348)	2.0
  (3, 128398)	2.0
  (3, 129657)	2.0
  (4, 4)	4.0
  (5, 5)	4.0
  (6, 6)	4.0
  (6, 3546)	2.0
  (6, 11341)	2.0
  (6, 24560)	2.0
  (6, 25387)	2.0
  (6, 37238)	2.0
  (6, 43336)	2.0
  (6, 52076)	2.0
  :	:
  (131070, 86742)	2.0
  (131070, 91221)	2.0
  (131070, 94608)	2.0
  (131070, 96474)	2.0
  (131070, 104052)	2.0
  (131070, 107660)	2.0
  (131070, 118756)	2.0
  (131070, 119843)	2.0
  (131070, 131070)	4.0
  (131071, 25136)	2.0
  (131071, 33915)	2.0
  (131071, 35023)	2.0
  (131071, 54504)	2.0
  (131071, 62212)	2.0
  (131071, 69127)	2.0
  (131071, 78800)	2.0
  (131071, 87110)	2.0
  (131071, 96736)	2.0
  (131071, 100363)	2.0
  (131071, 101554)	2.0
  (131071, 101725)	2.0
  (131071, 104152)	2.0
  (131071, 119169)	2.0
  (131071, 121070)	2.0
  (131071, 131071)	4.0
adj_test.shape: (131072, 131072)
Total Time:  0.24556660652160645
