dataset:  amazon
number of nodes:  524288
  (0, 0)	4.0
  (0, 83053)	2.0
  (0, 210735)	2.0
  (0, 497099)	2.0
  (1, 1)	4.0
  (2, 2)	4.0
  (2, 48705)	2.0
  (2, 64281)	2.0
  (2, 119996)	2.0
  (2, 209749)	2.0
  (2, 253769)	2.0
  (2, 269941)	2.0
  (2, 313474)	2.0
  (2, 326947)	2.0
  (2, 352759)	2.0
  (2, 420480)	2.0
  (3, 3)	4.0
  (3, 4637)	2.0
  (3, 11080)	2.0
  (3, 24147)	2.0
  (3, 61226)	2.0
  (3, 96348)	2.0
  (3, 128398)	2.0
  (3, 129657)	2.0
  (3, 157578)	2.0
  :	:
  (524283, 434320)	2.0
  (524283, 439367)	2.0
  (524283, 439895)	2.0
  (524283, 442255)	2.0
  (524283, 452140)	2.0
  (524283, 455841)	2.0
  (524283, 459156)	2.0
  (524283, 475020)	2.0
  (524283, 490139)	2.0
  (524283, 501021)	2.0
  (524283, 501385)	2.0
  (524283, 508366)	2.0
  (524283, 523412)	2.0
  (524283, 524042)	2.0
  (524283, 524283)	4.0
  (524284, 382490)	2.0
  (524284, 524284)	4.0
  (524285, 38718)	2.0
  (524285, 69617)	2.0
  (524285, 405305)	2.0
  (524285, 420093)	2.0
  (524285, 440567)	2.0
  (524285, 524285)	4.0
  (524286, 524286)	4.0
  (524287, 524287)	4.0
adj_test.shape: (524288, 524288)
Total Time:  4.10319972038269
