dataset:  amazon
number of nodes:  65536
  (0, 0)	4.0
  (1, 1)	4.0
  (2, 2)	4.0
  (2, 48705)	2.0
  (2, 64281)	2.0
  (3, 3)	4.0
  (3, 4637)	2.0
  (3, 11080)	2.0
  (3, 24147)	2.0
  (3, 61226)	2.0
  (4, 4)	4.0
  (5, 5)	4.0
  (6, 6)	4.0
  (6, 3546)	2.0
  (6, 11341)	2.0
  (6, 24560)	2.0
  (6, 25387)	2.0
  (6, 37238)	2.0
  (6, 43336)	2.0
  (6, 52076)	2.0
  (6, 58389)	2.0
  (6, 59941)	2.0
  (7, 7)	4.0
  (7, 2642)	2.0
  (8, 8)	4.0
  :	:
  (65533, 56423)	2.0
  (65533, 56539)	2.0
  (65533, 56928)	2.0
  (65533, 58371)	2.0
  (65533, 58684)	2.0
  (65533, 58961)	2.0
  (65533, 59557)	2.0
  (65533, 60260)	2.0
  (65533, 60892)	2.0
  (65533, 61120)	2.0
  (65533, 61657)	2.0
  (65533, 61907)	2.0
  (65533, 62525)	2.0
  (65533, 62784)	2.0
  (65533, 63058)	2.0
  (65533, 64042)	2.0
  (65533, 64786)	2.0
  (65533, 65533)	4.0
  (65534, 3940)	2.0
  (65534, 22458)	2.0
  (65534, 24696)	2.0
  (65534, 38056)	2.0
  (65534, 51169)	2.0
  (65534, 65534)	4.0
  (65535, 65535)	4.0
adj_test.shape: (65536, 65536)
Total Time:  0.07563638687133789
