dataset:  amazon
number of nodes:  1569959
  (0, 0)	4.0
  (0, 83053)	2.0
  (0, 210735)	2.0
  (0, 497099)	2.0
  (0, 730531)	2.0
  (0, 943115)	2.0
  (0, 1087112)	2.0
  (0, 1163331)	2.0
  (0, 1169620)	2.0
  (0, 1250446)	2.0
  (0, 1273303)	2.0
  (0, 1405719)	2.0
  (1, 1)	4.0
  (2, 2)	4.0
  (2, 48705)	2.0
  (2, 64281)	2.0
  (2, 119996)	2.0
  (2, 209749)	2.0
  (2, 253769)	2.0
  (2, 269941)	2.0
  (2, 313474)	2.0
  (2, 326947)	2.0
  (2, 352759)	2.0
  (2, 420480)	2.0
  (2, 576919)	2.0
  :	:
  (1569952, 1537239)	2.0
  (1569952, 1537421)	2.0
  (1569952, 1539519)	2.0
  (1569952, 1543197)	2.0
  (1569952, 1547868)	2.0
  (1569952, 1551042)	2.0
  (1569952, 1553529)	2.0
  (1569952, 1553773)	2.0
  (1569952, 1554141)	2.0
  (1569952, 1559366)	2.0
  (1569952, 1566230)	2.0
  (1569952, 1567284)	2.0
  (1569952, 1567662)	2.0
  (1569952, 1569503)	2.0
  (1569952, 1569952)	4.0
  (1569953, 1569953)	4.0
  (1569954, 221465)	2.0
  (1569954, 1569954)	4.0
  (1569955, 1569955)	4.0
  (1569956, 1569956)	4.0
  (1569957, 338330)	2.0
  (1569957, 1301886)	2.0
  (1569957, 1569957)	4.0
  (1569958, 394030)	2.0
  (1569958, 1569958)	4.0
adj_test.shape: (1569959, 1569959)
Total Time:  41.123313188552856
