________manually allocated threads_________
number_of_nodes:  32768
edges_per_thread 61332.75
sparse_mat.shape (32768, 32768)
nodes_per_thread [(0, 3966, 3966, 61335), (3966, 8112, 4146, 61354), (8112, 12142, 4030, 61361), (12142, 16215, 4073, 61410), (16215, 20349, 4134, 61336), (20349, 24644, 4295, 61353), (24644, 28647, 4003, 61357), (28647, 32768, 4121, 61156)]
allocation_tuples:  [(0, 3966, 3966, 61335), (3966, 8112, 4146, 61354), (8112, 12142, 4030, 61361), (12142, 16215, 4073, 61410), (16215, 20349, 4134, 61336), (20349, 24644, 4295, 61353), (24644, 28647, 4003, 61357), (28647, 32768, 4121, 61156)]
first_dimension 32768
second_dimension 256
Manual Allocaition Numba Total Time:  0.04149675369262695
Numba Total Time:  0.22050046920776367
Parallel Numba Total Time:  0.039724111557006836
