________manually allocated threads_________
number_of_nodes:  32
edges_per_thread 0.0
sparse_mat.shape (32, 32)
nodes_per_thread [(0, 1, 1), (1, 2, 1), (2, 3, 1), (3, 4, 1), (4, 5, 1), (5, 6, 1), (6, 7, 1), (7, 8, 1), (8, 9, 1), (9, 10, 1), (10, 11, 1), (11, 12, 1), (12, 13, 1), (13, 14, 1), (14, 15, 1), (15, 16, 1), (16, 17, 1), (17, 18, 1), (18, 19, 1), (19, 20, 1), (20, 21, 1), (21, 22, 1), (22, 23, 1), (23, 24, 1), (24, 25, 1), (25, 26, 1), (26, 27, 1), (27, 28, 1), (28, 29, 1), (29, 30, 1), (30, 31, 1), (31, 32, 1), (32, 32, 0)]
first_dimension 32
second_dimension 256
Manual Allocaition Numba Total Time:  1.2874603271484375e-05
Numba Total Time:  1.71661376953125e-05
Parallel Numba Total Time:  1.0728836059570312e-05
