________manually allocated threads_________
number_of_nodes:  8192
edges_per_thread 3899.25
sparse_mat.shape (8192, 8192)
nodes_per_thread [(0, 995, 995, 3902), (995, 1991, 996, 3900), (1991, 2941, 950, 3903), (2941, 4013, 1072, 3904), (4013, 5147, 1134, 3930), (5147, 6112, 965, 3908), (6112, 7139, 1027, 3900), (7139, 8192, 1053, 3847)]
allocation_tuples:  [(0, 995, 995, 3902), (995, 1991, 996, 3900), (1991, 2941, 950, 3903), (2941, 4013, 1072, 3904), (4013, 5147, 1134, 3930), (5147, 6112, 965, 3908), (6112, 7139, 1027, 3900), (7139, 8192, 1053, 3847)]
first_dimension 8192
second_dimension 256
Manual Allocaition Numba Total Time:  0.003036975860595703
Numba Total Time:  0.014189481735229492
Parallel Numba Total Time:  0.0027587413787841797
