________manually allocated threads_________
number_of_nodes:  16384
edges_per_thread 15701.25
sparse_mat.shape (16384, 16384)
nodes_per_thread [(0, 1990, 1990, 15708), (1990, 4015, 2025, 15703), (4015, 6093, 2078, 15723), (6093, 8191, 2098, 15707), (8191, 10255, 2064, 15705), (10255, 12265, 2010, 15711), (12265, 14368, 2103, 15886), (14368, 16384, 2016, 15467)]
allocation_tuples:  [(0, 1990, 1990, 15708), (1990, 4015, 2025, 15703), (4015, 6093, 2078, 15723), (6093, 8191, 2098, 15707), (8191, 10255, 2064, 15705), (10255, 12265, 2010, 15711), (12265, 14368, 2103, 15886), (14368, 16384, 2016, 15467)]
first_dimension 16384
second_dimension 256
Manual Allocaition Numba Total Time:  0.010436534881591797
Numba Total Time:  0.054347991943359375
Parallel Numba Total Time:  0.009655952453613281
