________manually allocated threads_________
number_of_nodes:  65536
edges_per_thread 238974.25
sparse_mat.shape (65536, 65536)
nodes_per_thread [(0, 8012, 8012, 238976), (8012, 15999, 7987, 238980), (15999, 24340, 8341, 239005), (24340, 32347, 8007, 238976), (32347, 40624, 8277, 238997), (40624, 49089, 8465, 239020), (49089, 57310, 8221, 238984), (57310, 65536, 8226, 238856)]
allocation_tuples:  [(0, 8012, 8012, 238976), (8012, 15999, 7987, 238980), (15999, 24340, 8341, 239005), (24340, 32347, 8007, 238976), (32347, 40624, 8277, 238997), (40624, 49089, 8465, 239020), (49089, 57310, 8221, 238984), (57310, 65536, 8226, 238856)]
first_dimension 65536
second_dimension 256
Manual Allocaition Numba Total Time:  0.17098474502563477
Numba Total Time:  0.9595544338226318
Parallel Numba Total Time:  0.16296720504760742
