________manually allocated threads_________
number_of_nodes:  4096
edges_per_thread 1003.75
sparse_mat.shape (4096, 4096)
nodes_per_thread [(0, 536, 536, 1005), (536, 1003, 467, 1004), (1003, 1501, 498, 1016), (1501, 2021, 520, 1010), (2021, 2534, 513, 1004), (2534, 3011, 477, 1013), (3011, 3566, 555, 1015), (3566, 4096, 530, 963)]
allocation_tuples:  [(0, 536, 536, 1005), (536, 1003, 467, 1004), (1003, 1501, 498, 1016), (1501, 2021, 520, 1010), (2021, 2534, 513, 1004), (2534, 3011, 477, 1013), (3011, 3566, 555, 1015), (3566, 4096, 530, 963)]
first_dimension 4096
second_dimension 256
Manual Allocaition Numba Total Time:  0.0012235641479492188
Numba Total Time:  0.004101753234863281
Parallel Numba Total Time:  0.00115966796875
