________manually allocated threads_________
number_of_nodes:  16384
dataset:  amazon
edges_per_thread 5253.5
sparse_mat.shape (16384, 16384)
nodes_per_thread [(0, 2157, 2157, 5254), (2157, 4291, 2134, 5382), (4291, 6376, 2085, 5254), (6376, 8408, 2032, 5268), (8408, 10352, 1944, 5254), (10352, 12337, 1985, 5254), (12337, 14251, 1914, 5270), (14251, 16384, 2133, 5092)]
allocation_tuples:  [(0, 2157, 2157, 5254), (2157, 4291, 2134, 5382), (4291, 6376, 2085, 5254), (6376, 8408, 2032, 5268), (8408, 10352, 1944, 5254), (10352, 12337, 1985, 5254), (12337, 14251, 1914, 5270), (14251, 16384, 2133, 5092)]
sparse array shape:  (16384, 16384)
dense array shape:  (16384, 128)
Manual Allocaition Numba Total Time:  0.002417325973510742
Numba Total Time:  0.010804414749145508
Parallel Numba Total Time:  0.002214670181274414
