________manually allocated threads_________
number_of_nodes:  32768
dataset:  amazon
edges_per_thread 16864.25
sparse_mat.shape (32768, 32768)
nodes_per_thread [(0, 4291, 4291, 16994), (4291, 8384, 4093, 16952), (8384, 12281, 3897, 16939), (12281, 16352, 4071, 16869), (16352, 20529, 4177, 16865), (20529, 24978, 4449, 16868), (24978, 29029, 4051, 17032), (29029, 32768, 3739, 16395)]
allocation_tuples:  [(0, 4291, 4291, 16994), (4291, 8384, 4093, 16952), (8384, 12281, 3897, 16939), (12281, 16352, 4071, 16869), (16352, 20529, 4177, 16865), (20529, 24978, 4449, 16868), (24978, 29029, 4051, 17032), (29029, 32768, 3739, 16395)]
sparse array shape:  (32768, 32768)
dense array shape:  (32768, 128)
Manual Allocaition Numba Total Time:  0.006584882736206055
Numba Total Time:  0.03392171859741211
Parallel Numba Total Time:  0.005439043045043945
